1.109226043015327832e+03 2.055876686812764547e+03 2.437306402292279373e+01
9.652969386375557406e+02 2.229436445285406990e+03 2.551313254891526583e+01
7.826682150399341253e+02 2.259185992151859409e+03 2.517628665608597061e+01
5.687858270296611636e+02 2.251824347642598241e+03 2.562365303776014969e+01
3.857458881538354944e+02 2.221452459635535888e+03 2.483435796348954838e+01
2.503385838336012910e+02 2.042339055210708466e+03 2.413132427030291893e+01
5.019892127700633750e+02 1.882047368051348712e+03 2.558736627077934500e+01
7.447708618772209093e+02 1.872338317420833391e+03 2.579870918781274725e+01
9.872595886684995321e+02 1.903275306685093028e+03 2.414727707638197174e+01
1.109226043015327832e+03 2.055876686812764547e+03 2.437306402292279373e+01
