9.784708972082212313e+02 2.202664420633157079e+03 2.508952474889022710e+01
7.772867025648148456e+02 2.261296645848095977e+03 2.531871183327041663e+01
5.237376678601068534e+02 2.255070659360329046e+03 2.587627001004895533e+01
2.659948292951935969e+02 2.131725789061232717e+03 2.461809851940976301e+01
3.168926591755835602e+02 1.922772606689144141e+03 2.413582963646179635e+01
4.922013493217304472e+02 1.894362687885135301e+03 2.606336871388483800e+01
6.919358484833510374e+02 1.870530208479387738e+03 2.462450890422746497e+01
8.944880184928392737e+02 1.876490831072466563e+03 2.502353322377620870e+01
1.101000865262591788e+03 2.014201810049353526e+03 2.413882152038078743e+01
9.784708972082212313e+02 2.202664420633157079e+03 2.508952474889022710e+01
