1.024391297082231858e+03 1.914754493015414937e+03 2.414936302046883299e+01
1.107243266222398233e+03 2.065446543480892160e+03 2.414228577075337867e+01
9.866611726221123035e+02 2.202803325272510847e+03 2.474739437002841314e+01
7.677765222367116849e+02 2.270926655246746577e+03 2.548866262594043874e+01
5.757175791163115264e+02 2.257510150613478345e+03 2.562940459535058935e+01
3.112534904039872572e+02 2.200907922567138030e+03 2.661659834315584661e+01
4.197980614859558841e+02 2.231427761149502658e+03 2.538427320619895866e+01
2.316166087463921599e+02 2.081909714198888196e+03 2.412703070819488360e+01
2.957597581928952764e+02 1.959975596923840385e+03 2.413920125554575336e+01
4.637619093257080181e+02 1.895901319402139279e+03 2.567627538282471988e+01
5.873086069216910801e+02 1.896544714166289623e+03 2.489627033564002190e+01
7.037471431767977492e+02 1.880749786652542070e+03 2.456839529548107848e+01
8.730039544412784380e+02 1.876881787280508206e+03 2.539210365415213033e+01
1.024391297082231858e+03 1.914754493015414937e+03 2.414936302046883299e+01
