1.106498136012328132e+03 1.992580884350924634e+03 2.416414558889594844e+01
1.090036034346852375e+03 2.127732031742124946e+03 2.447313786075241637e+01
9.699277939596609031e+02 2.212587663340836116e+03 2.470418554659692489e+01
7.616992776247964230e+02 2.258949610149499676e+03 2.469937874763732921e+01
5.665991522031762315e+02 2.254450425599611208e+03 2.561431110324433291e+01
3.686637916903631549e+02 2.221260457655256687e+03 2.475470226116890160e+01
2.550181541701134051e+02 2.142351127018032912e+03 2.445779127943946207e+01
2.573904720074923489e+02 1.998256221739243529e+03 2.413534496401134533e+01
3.765823966229989992e+02 1.895287442427223823e+03 2.417437757939981324e+01
5.291939658413054985e+02 1.889481731827737576e+03 2.627947784329787950e+01
6.713148118316140653e+02 1.886098094349915073e+03 2.412792867820297005e+01
8.264141541715356425e+02 1.874307410051029819e+03 2.638713532130320161e+01
9.652833058760649010e+02 1.893890036573821135e+03 2.414228140584716087e+01
1.106498136012328132e+03 1.992580884350924634e+03 2.416414558889594844e+01
