1.119474816786251495e+03 2.050341430991618381e+03 2.417082817326026145e+01
1.013449918183462046e+03 2.186947031846688333e+03 2.470431662260585526e+01
8.524077691012255400e+02 2.261740764951404344e+03 2.580480761094331399e+01
6.690807778687352538e+02 2.263940107430976695e+03 2.413827677954781592e+01
5.364955875801435923e+02 2.248195424888155685e+03 2.629894417537800066e+01
4.180360876652952697e+02 2.228829051243099002e+03 2.592107423843638969e+01
3.037513936503121386e+02 2.182872192524882848e+03 2.439098425144487692e+01
2.394447941029758624e+02 2.038424577929073394e+03 2.414270594373993717e+01
3.281566855285944371e+02 1.928111255921160136e+03 2.415231920319750358e+01
4.575345988963124455e+02 1.888262856744191140e+03 2.576655212799418493e+01
6.302719612759659640e+02 1.879252911777959298e+03 2.443890251238153510e+01
8.492456141023704959e+02 1.877453739820514784e+03 2.570231406551684827e+01
1.015941515326742547e+03 1.917268943770423903e+03 2.413284941765071068e+01
1.119474816786251495e+03 2.050341430991618381e+03 2.417082817326026145e+01
